# name: debug
# type: sparse matrix
# nnz: 558
# rows: 30
# columns: 30

1 1 56595649.9
2 1 -11445634.1
3 1 -10414141.1
4 1 -1989.32086
5 1 -18692.0477
6 1 9482.18361
13 1 -72.8682246
14 1 -2883.41227
15 1 1077.64473
16 1 -289.576793
17 1 -2845.00593
18 1 1142.66551
19 1 -123.965646
20 1 -3208.51683
21 1 1623.5628
22 1 -424.561377
23 1 -3150.3715
24 1 1714.02696
25 1 -145.285124
26 1 -3365.52335
27 1 1882.68373
28 1 -514.187219
29 1 -3297.61358
30 1 2004.86098
1 2 -11445634.1
2 2 45566787.7
3 2 -17335250.7
4 2 16723.2964
5 2 1989.32086
6 2 -5771.97021
13 2 2583.69055
14 2 194.834239
15 2 -431.204318
16 2 2898.13834
17 2 419.380452
18 2 -1272.53024
19 2 2616.39808
20 2 254.332648
21 2 -499.950229
22 2 2937.15169
23 2 562.662811
24 2 -1426.74369
25 2 2628.50647
26 2 279.623158
27 2 -532.268111
28 2 3007.25569
29 2 657.665853
30 2 -1617.00533
1 3 -10414141.1
2 3 -17335250.7
3 3 11840974.5
4 3 -7130.42095
5 3 4271.97525
6 3 5.68434189e-14
13 3 -943.63166
14 3 350.393381
15 3 1.41712112
16 3 -917.307889
17 3 971.704866
18 3 2.65452349
19 3 -1288.59994
20 3 363.292887
21 3 1.7020995
22 3 -1253.68012
23 3 993.387906
24 3 2.9508236
25 3 -1429.71105
26 3 367.963123
27 3 1.81744449
28 3 -1389.75774
29 3 1067.28978
30 3 3.20247401
1 4 -1989.32086
2 4 16723.2964
3 4 -7130.42095
4 4 6.27622293
5 4 0
6 4 -1.75248229
13 4 1.03553732
14 4 0.0231013688
15 4 -0.152467749
16 4 1.02193404
17 4 0.0233142468
18 4 -0.403587945
19 4 1.05901661
20 4 0.0236389126
21 4 -0.16266721
22 4 1.04045957
23 4 0.023753722
24 4 -0.419157757
25 4 1.06774642
26 4 0.0238389966
27 4 -0.166567561
28 4 1.04869266
29 4 0.02400285
30 4 -0.452459324
1 5 -18692.0477
2 5 1989.32086
3 5 4271.97525
4 5 0
5 5 6.27622293
6 5 -2.93306303
13 5 -0.0230799446
14 5 1.03642351
15 5 -0.38050466
16 5 -0.0227706519
17 5 1.02297081
18 5 -0.361800531
19 5 -0.0237070253
20 5 1.06020746
21 5 -0.527271691
22 5 -0.0232843908
23 5 1.04179316
24 5 -0.502705019
25 5 -0.0239447793
26 5 1.06906303
27 5 -0.587968036
28 5 -0.0235091501
29 5 1.0501672
30 5 -0.560006469
1 6 9482.18361
2 6 -5771.97021
3 6 5.68434189e-14
4 6 -1.75248229
5 6 -2.93306303
6 6 2.0015386
13 6 -0.143158826
14 6 -0.386194552
15 6 0.162875409
16 6 -0.394546788
17 6 -0.373245831
18 6 0.287776341
19 6 -0.150014514
20 6 -0.533452565
21 6 0.288366826
22 6 -0.406905019
23 6 -0.514748787
24 6 0.412252854
25 6 -0.152525
26 6 -0.594364126
27 6 0.350713274
28 6 -0.438869575
29 6 -0.572953096
30 6 0.494804303
7 7 56887373.3
8 7 13802137.1
9 7 12283202
10 7 2390.40733
11 7 -18860.6178
12 7 9807.81027
13 7 501.31175
14 7 -2873.25497
15 7 1344.21151
16 7 250.339602
17 7 -2838.27106
18 7 1124.91232
19 7 668.404416
20 7 -3173.08332
21 7 1963.06314
22 7 324.300406
23 7 -3119.84364
24 7 1658.06614
25 7 736.514349
26 7 -3317.9356
27 7 2250.05005
28 7 318.778606
29 7 -3256.02625
30 7 1888.80051
7 8 13802137.1
8 8 48550555.6
9 8 -17338351.9
10 8 17371.6808
11 8 -2390.40733
12 8 7079.12843
13 8 3126.24776
14 8 -338.750744
15 8 1604.63686
16 8 2661.44716
17 8 -121.152215
18 8 617.990926
19 8 3153.5331
20 8 -493.869313
21 8 1753.54278
22 8 2675.52742
23 8 -186.225155
24 8 670.901673
25 8 3163.12283
26 8 -556.325401
27 8 1824.48242
28 8 2656.09646
29 8 -179.116182
30 8 604.667056
7 9 12283202
8 9 -17338351.9
9 9 13019666.8
10 9 -7194.1457
11 9 -5101.20831
12 9 -2.84217094e-14
13 9 -922.47269
14 9 -1206.42573
15 9 30.217065
16 9 -894.910407
17 9 -549.85517
18 9 15.0738391
19 9 -1267.47422
20 9 -1221.16149
21 9 31.5017669
22 9 -1231.04345
23 9 -552.217314
24 9 16.0502482
25 9 -1407.40787
26 9 -1226.45159
27 9 32.0070853
28 9 -1365.78088
29 9 -488.249839
30 9 14.9519215
7 10 2390.40733
8 10 17371.6808
9 10 -7194.1457
10 10 6.39025029
11 10 0
12 10 2.11860352
13 10 1.06155407
14 10 0.0327277283
15 10 0.487903426
16 10 1.04616433
17 10 0.0261692338
18 10 0.215073521
19 10 1.07900157
20 10 0.0332468744
21 10 0.495103028
22 10 1.05859014
23 10 0.0264082992
24 10 0.214493528
25 10 1.08519468
26 10 0.0334284438
27 10 0.497540417
28 10 1.06421581
29 10 0.0259029474
30 10 0.18742886
7 11 -18860.6178
8 11 -2390.40733
9 11 -5101.20831
10 11 0
11 11 6.39025029
12 11 -2.98514599
13 11 -0.0225994958
14 11 1.05094551
15 11 -0.415869558
16 11 -0.0222487202
17 11 1.03675589
18 11 -0.39602648
19 11 -0.0233570865
20 11 1.06499126
21 11 -0.56343591
22 11 -0.0228880934
23 11 1.0459423
24 11 -0.537392333
25 11 -0.023647567
26 11 1.06979687
27 11 -0.623674706
28 11 -0.0231592454
29 11 1.05034059
30 11 -0.594175077
7 12 9807.81027
8 12 7079.12843
9 12 -2.84217094e-14
10 12 2.11860352
11 12 -2.98514599
12 12 2.24692267
13 12 0.500305221
14 12 -0.373038862
15 12 0.37972659
16 12 0.226483644
17 12 -0.363515091
18 12 0.185879485
19 12 0.510899595
20 12 -0.51709918
21 12 0.510779664
22 12 0.229125536
23 12 -0.501922928
24 12 0.304852557
25 12 0.514748643
26 12 -0.575700337
27 12 0.574644593
28 12 0.203353296
29 12 -0.558061983
30 12 0.351952681
1 13 -72.8682246
2 13 2583.69055
3 13 -943.63166
4 13 1.03553732
5 13 -0.0230799446
6 13 -0.143158826
7 13 501.31175
8 13 3126.24776
9 13 -922.47269
10 13 1.06155407
11 13 -0.0225994958
12 13 0.500305221
13 13 2.09884906
14 13 0.0103667401
15 13 0.35334774
1 14 -2883.41227
2 14 194.834239
3 14 350.393381
4 14 0.0231013688
5 14 1.03642351
6 14 -0.386194552
7 14 -2873.25497
8 14 -338.750744
9 14 -1206.42573
10 14 0.0327277283
11 14 1.05094551
12 14 -0.373038862
13 14 0.0103667401
14 14 2.08001746
15 14 -0.781188783
1 15 1077.64473
2 15 -431.204318
3 15 1.41712112
4 15 -0.152467749
5 15 -0.38050466
6 15 0.162875409
7 15 1344.21151
8 15 1604.63686
9 15 30.217065
10 15 0.487903426
11 15 -0.415869558
12 15 0.37972659
13 15 0.35334774
14 15 -0.781188783
15 15 0.549783154
1 16 -289.576793
2 16 2898.13834
3 16 -917.307889
4 16 1.02193404
5 16 -0.0227706519
6 16 -0.394546788
7 16 250.339602
8 16 2661.44716
9 16 -894.910407
10 16 1.04616433
11 16 -0.0222487202
12 16 0.226483644
16 16 2.06890896
17 16 0.00464231279
18 16 -0.171736545
1 17 -2845.00593
2 17 419.380452
3 17 971.704866
4 17 0.0233142468
5 17 1.02297081
6 17 -0.373245831
7 17 -2838.27106
8 17 -121.152215
9 17 -549.85517
10 17 0.0261692338
11 17 1.03675589
12 17 -0.363515091
16 17 0.00464231279
17 17 2.05244938
18 17 -0.758400721
1 18 1142.66551
2 18 -1272.53024
3 18 2.65452349
4 18 -0.403587945
5 18 -0.361800531
6 18 0.287776341
7 18 1124.91232
8 18 617.990926
9 18 15.0738391
10 18 0.215073521
11 18 -0.39602648
12 18 0.185879485
16 18 -0.171736545
17 18 -0.758400721
18 18 0.481524787
1 19 -123.965646
2 19 2616.39808
3 19 -1288.59994
4 19 1.05901661
5 19 -0.0237070253
6 19 -0.150014514
7 19 668.404416
8 19 3153.5331
9 19 -1267.47422
10 19 1.07900157
11 19 -0.0233570865
12 19 0.510899595
19 19 2.13981959
20 19 0.0101091277
21 19 0.357027141
1 20 -3208.51683
2 20 254.332648
3 20 363.292887
4 20 0.0236389126
5 20 1.06020746
6 20 -0.533452565
7 20 -3173.08332
8 20 -493.869313
9 20 -1221.16149
10 20 0.0332468744
11 20 1.06499126
12 20 -0.51709918
19 20 0.0101091277
20 20 2.11484993
21 20 -1.07274325
1 21 1623.5628
2 21 -499.950229
3 21 1.7020995
4 21 -0.16266721
5 21 -0.527271691
6 21 0.288366826
7 21 1963.06314
8 21 1753.54278
9 21 31.5017669
10 21 0.495103028
11 21 -0.56343591
12 21 0.510779664
19 21 0.357027141
20 21 -1.07274325
21 21 0.809353844
1 22 -424.561377
2 22 2937.15169
3 22 -1253.68012
4 22 1.04045957
5 22 -0.0232843908
6 22 -0.406905019
7 22 324.300406
8 22 2675.52742
9 22 -1231.04345
10 22 1.05859014
11 22 -0.0228880934
12 22 0.229125536
22 22 2.09987545
23 22 0.00423426319
24 22 -0.181492904
1 23 -3150.3715
2 23 562.662811
3 23 993.387906
4 23 0.023753722
5 23 1.04179316
6 23 -0.514748787
7 23 -3119.84364
8 23 -186.225155
9 23 -552.217314
10 23 0.0264082992
11 23 1.0459423
12 23 -0.501922928
22 23 0.00423426319
23 23 2.0775746
24 23 -1.03844713
1 24 1714.02696
2 24 -1426.74369
3 24 2.9508236
4 24 -0.419157757
5 24 -0.502705019
6 24 0.412252854
7 24 1658.06614
8 24 670.901673
9 24 16.0502482
10 24 0.214493528
11 24 -0.537392333
12 24 0.304852557
22 24 -0.181492904
23 24 -1.03844713
24 24 0.727902612
