%YAML:1.0
---

# 左相机内参
CvInternalMatrixLeft: !!opencv-matrix
  rows: 3
  cols: 3
  dt: d
  data: [2576.0821978022122,             0.0,        2691.277910309948,
         0.0,             2576.5407780120854,       1845.3594347756857,
         0.0,                            0.0,                     1.0]

# 右相机内参
CvInternalMatrixRight: !!opencv-matrix
  rows: 3
  cols: 3
  dt: d
  data: [2584.373788098711,         0.0,       2772.8319126895267,
         0.0,          2585.66670693101,       1868.5835824697692,
         0.0,                       0.0,                     1.0]

# 左相机外参（世界系起点）
CvExternalMatrixLeft: !!opencv-matrix
  rows: 4
  cols: 4
  dt: d
  data: [              1.0,                  0.0,                     0.0,       0.0,
                       0.0,                  1.0,                     0.0,       0.0,
                       0.0,                  0.0,                     1.0,       0.0,
                       0.0,                  0.0,                     0.0,       1.0]

# 右相机外参, 核心待优化参量
CvExternalMatrixRight: !!opencv-matrix
  rows: 4
  cols: 4
  dt: d
  data: [0.9998926721001943, 0.0011939389227093272, -0.014602013223595021,       -1449.8037747471765,
         -0.001227045207317637, 0.9999966967811743, -0.0022584921517171514,     -0.9229053023507834,
         0.01459926848826348, 0.0022761670828409853, 0.9998908342529291,       0.3038498952789947,
                       0.0,                  0.0,                     0.0,                      1.0]

# openCV格式的左相机畸变系数向量
CvDistortionsLeft: !!opencv-matrix
  rows: 5
  cols: 1
  dt: d
  data: [ -0.11066667925460454, 0.06362114475223443, -0.00025211637161821025, -0.00012433164618479763, -0.011120996467126932]

# openCV格式的右相机畸变系数向量
CvDistortionsRight: !!opencv-matrix
  rows: 5
  cols: 1
  dt: d
  data: [-0.11009333486429304, 0.06244250513332475, -0.00046875124104382135, -0.0005022963962971119, -0.010260247319261506]

# openCV格式的左相机校正矩阵
CvRectifyMatrixLeft: !!opencv-matrix
  rows: 3
  cols: 3
  dt: d
  data: [0.99988861,     0.00183003,      -0.014813,
         -0.00184679,    0.99999767,     -0.0011178,
         0.01481092,     0.00114504,     0.99988966]

# openCV格式的右相机校正矩阵
CvRectifyMatrixRight: !!opencv-matrix
  rows: 3
  cols: 3
  dt: d
  data: [ 9.99999775e-01,  6.36572418e-04, -2.09579967e-04,
          -6.36334881e-04,  9.99999157e-01,  1.13151813e-03,
          2.10300083e-04, -1.13138451e-03,  9.99999338e-01]

# openCV格式的左相机投影矩阵
CvProjectionMatrixLeft: !!opencv-matrix
  rows: 3
  cols: 4
  dt: d
  data: [ 2.48901508e+03,  0.00000000e+00, 2.77209750e+03, 0.00000000e+00,
          0.00000000e+00, 2.48901508e+03, 1.85557515e+03, 0.00000000e+00,
          0.00000000e+00, 0.00000000e+00, 1.00000000e+00, 0.00000000e+00]

# openCV格式的左相机投影矩阵
CvProjectionMatrixRight: !!opencv-matrix
  rows: 3
  cols: 4
  dt: d
  data: [2.48901508e+03,  0.00000000e+00,  2.77209750e+03, -3.60858427e+06,
         0.00000000e+00,  2.48901508e+03,  1.85557515e+03,  0.00000000e+00,
          0.00000000e+00,  0.00000000e+00,  1.00000000e+00,   0.00000000e+00]